Package	Core	CPU	Avg_MHz	Busy%	Bzy_MHz	TSC_MHz	     IRQ	SMI	    POLL	      C1	     C1E	      C6	POLL%	C1%	C1E%	C6%	CPU%c1	CPU%c6	CoreTmp	PkgTmp	Pkg%pc2	Pkg%pc6	PkgWatt	RAMWatt	PKG_%	RAM_%
-	-	-	67	3.64	1847	2094	21133678	0	   17035	   19967	13045258	10380447	0.00	0.01	39.52	57.45	93.83	2.53	56	56	0.01	0.00	131.69	65.11	0.00	0.00
0	0	0	44	3.71	1198	2092	  225543	0	      20	     500	  148771	  118386	0.00	0.02	42.71	54.32	93.20	3.09	50	52	0.02	0.00	59.93	32.19	0.00	0.00
0	0	48	40	3.42	1161	2092	  219188	0	       5	     106	  142747	  120003	0.00	0.02	41.15	56.15	93.50
0	1	1	224	9.88	2274	2092	  220541	0	      26	      46	  132571	  116435	0.00	0.00	37.10	53.72	86.52	3.60	50
0	1	49	43	3.70	1171	2092	  225869	0	      36	     471	  149072	  118162	0.00	0.02	41.67	55.32	92.70
0	2	2	53	4.49	1174	2092	  261631	0	       4	     113	  145939	  118319	0.00	0.01	40.63	55.59	91.27	4.24	47
0	2	50	42	3.57	1189	2092	  219374	0	       3	     116	  145267	  117486	0.00	0.01	42.00	55.14	92.19
0	3	3	40	3.45	1162	2092	  220216	0	       9	     162	  147447	  114696	0.00	0.02	42.94	54.33	92.19	4.36	47
0	3	51	40	3.43	1160	2092	  219158	0	       2	     108	  141328	  119927	0.00	0.01	40.13	57.17	92.21
0	4	4	66	4.37	1513	2092	  219000	0	       4	     113	  143043	  117688	0.00	0.01	41.00	55.33	91.08	4.55	48
0	4	52	60	4.18	1448	2092	  218933	0	      24	     142	  143399	  117708	0.00	0.01	41.16	55.36	91.28
0	5	5	55	4.00	1373	2092	  220082	0	       8	     135	  144987	  117960	0.00	0.01	42.02	54.74	91.87	4.14	52
0	5	53	40	3.50	1156	2092	  219975	0	      10	     138	  146073	  118066	0.00	0.01	42.44	54.83	92.36
0	6	6	41	3.49	1192	2092	  219259	0	       8	     139	  142841	  117753	0.00	0.02	41.23	56.01	93.07	3.44	48
0	6	54	41	3.52	1156	2092	  220454	0	      11	     177	  151150	  109944	0.00	0.01	45.47	51.74	93.04
0	8	7	43	3.59	1208	2092	  220216	0	       2	     117	  143633	  119029	0.00	0.01	41.33	55.84	92.34	4.07	47
0	8	55	51	3.85	1322	2092	  219627	0	       5	     143	  146536	  116147	0.00	0.01	42.61	54.27	92.09
0	9	8	43	3.57	1204	2092	  219430	0	       8	     121	  144127	  119009	0.00	0.02	41.32	55.83	91.94	4.50	47
0	9	56	40	3.46	1165	2092	  219246	0	       6	     133	  144402	  118966	0.00	0.01	41.47	55.78	92.04
0	10	9	40	3.42	1161	2092	  219067	0	       5	     147	  145688	  117615	0.00	0.02	42.16	55.13	92.32	4.25	49
0	10	57	40	3.43	1166	2092	  219271	0	      25	     104	  145382	  118052	0.00	0.01	41.95	55.35	92.32
0	11	10	40	3.43	1162	2092	  219535	0	       4	     121	  145800	  117922	0.00	0.01	42.20	55.10	92.31	4.26	50
0	11	58	39	3.42	1158	2092	  219182	0	       4	     107	  144665	  118726	0.00	0.02	41.70	55.60	92.32
0	12	11	55	3.93	1409	2092	  219355	0	       5	      49	  145739	  117214	0.00	0.00	42.60	54.22	92.79	3.28	51
0	12	59	61	4.07	1498	2092	  220140	0	       0	     116	  145454	  118063	0.00	0.01	42.12	54.55	92.65
0	13	12	57	4.05	1404	2092	  218174	0	       5	     129	  145089	  117340	0.00	0.01	42.16	54.54	91.80	4.15	52
0	13	60	59	4.16	1433	2095	  219261	0	       6	      39	  144966	  117690	0.00	0.01	41.96	54.79	91.70
0	16	13	40	3.46	1162	2095	  219176	0	       2	     160	  146470	  117734	0.00	0.02	42.80	54.63	92.58	3.96	47
0	16	61	39	3.39	1159	2095	  219235	0	       3	     118	  145412	  118463	0.00	0.01	42.28	55.19	92.65
0	17	14	42	3.56	1177	2095	  220716	0	      18	     177	  146998	  116648	0.00	0.02	42.54	54.76	92.19	4.25	48
0	17	62	39	3.37	1156	2095	  219220	0	       3	     107	  143342	  118845	0.00	0.02	41.19	56.26	92.38
0	18	15	40	3.41	1161	2095	  219064	0	       4	     130	  144617	  118201	0.00	0.01	41.69	55.75	92.30	4.28	48
0	18	63	40	3.46	1165	2095	  219405	0	       1	     114	  145695	  117455	0.00	0.02	42.10	55.29	92.26
0	19	16	40	3.43	1170	2095	  219058	0	      10	     144	  144895	  118224	0.00	0.01	41.95	55.48	92.43	4.14	49
0	19	64	41	3.47	1183	2095	  219357	0	       2	     124	  145750	  117328	0.00	0.02	42.36	55.02	92.39
0	20	17	144	7.21	2004	2095	  219166	0	       5	     118	  136942	  116812	0.00	0.01	38.54	55.09	88.12	4.67	50
0	20	65	43	3.59	1196	2095	  219313	0	       4	     147	  144772	  117699	0.00	0.02	41.42	55.84	91.74
0	21	18	46	3.67	1262	2095	  221418	0	      14	     227	  150776	  112519	0.00	0.02	44.63	52.58	92.71	3.61	47
0	21	66	41	3.48	1188	2095	  219249	0	       3	     137	  143848	  117965	0.00	0.02	41.61	55.81	92.91
0	25	19	40	3.42	1159	2095	  219105	0	       5	     117	  144903	  117511	0.00	0.01	41.90	55.52	92.35	4.23	47
0	25	67	47	3.69	1280	2095	  219413	0	      11	     156	  147106	  115552	0.00	0.02	42.66	54.45	92.08
0	26	20	40	3.41	1165	2095	  219170	0	       4	     148	  145721	  117741	0.00	0.02	42.28	55.17	92.29	4.30	47
0	26	68	39	3.40	1161	2095	  219168	0	       2	     108	  144512	  118916	0.00	0.02	41.56	55.89	92.30
0	27	21	41	3.50	1186	2095	  219155	0	      11	     161	  148174	  115583	0.00	0.01	43.43	53.94	92.45	4.05	49
0	27	69	39	3.41	1159	2095	  219269	0	       3	     113	  144573	  118367	0.00	0.02	41.75	55.70	92.54
0	28	22	62	4.09	1517	2095	  219894	0	       4	     112	  144449	  118033	0.00	0.01	41.86	54.94	92.82	3.10	49
0	28	70	56	3.95	1425	2095	  219792	0	      36	     141	  146670	  116357	0.00	0.02	42.78	54.14	92.95
0	29	23	40	3.45	1162	2095	  219060	0	       4	     111	  146887	  117748	0.00	0.01	43.16	54.32	92.89	3.67	50
0	29	71	40	3.46	1163	2095	  219246	0	       1	     135	  146694	  118010	0.00	0.01	43.02	54.47	92.87
1	0	24	45	2.07	2177	2095	  219264	0	       8	     145	  135823	   92759	0.00	0.02	42.31	56.04	96.65	1.28	54	56	0.00	0.00	71.76	32.92	0.00	0.00
1	0	72	40	1.89	2127	2095	  219501	0	       4	     138	  128420	   99733	0.00	0.02	37.81	60.68	96.83
1	1	25	49	2.22	2221	2095	  219388	0	       7	     170	  132936	   95149	0.00	0.02	40.39	57.81	96.63	1.15	53
1	1	73	36	1.73	2084	2095	  219230	0	       5	     224	  126796	  101998	0.00	0.02	36.59	62.07	97.12
1	2	26	729	26.61	2747	2095	  219829	0	      45	     475	  108159	   64489	0.00	0.02	35.12	38.58	72.36	1.03	51
1	2	74	39	1.83	2135	2095	  219257	0	       9	     128	  130598	   96640	0.00	0.01	39.15	59.41	97.14
1	3	27	40	1.88	2152	2095	  219693	0	       5	     286	  132988	   97398	0.00	0.01	39.91	58.67	97.27	0.86	52
1	3	75	36	1.73	2068	2095	  219261	0	       6	     133	  129753	   99491	0.00	0.01	38.43	60.27	97.41
1	4	28	41	1.89	2146	2095	  219389	0	      11	     303	  125701	  103340	0.00	0.02	35.85	62.72	97.19	0.91	53
1	4	76	40	1.86	2147	2095	  219642	0	    1720	     511	  130229	   98927	0.00	0.01	38.79	59.78	97.23
1	5	29	37	1.77	2078	2095	  219302	0	       5	     304	  126345	  102697	0.00	0.02	36.36	62.34	97.36	0.88	56
1	5	77	42	1.93	2169	2095	  219493	0	       5	     124	  130340	   99080	0.00	0.01	38.80	59.70	97.20
1	6	30	37	1.79	2083	2095	  219498	0	       5	     129	  126323	  103492	0.00	0.01	36.27	62.42	97.42	0.79	50
1	6	78	36	1.74	2080	2095	  219267	0	       2	     123	  130007	   99408	0.00	0.01	38.66	60.05	97.47
1	8	31	38	1.81	2099	2095	  219301	0	       5	     329	  126924	  102288	0.00	0.02	36.69	61.97	97.21	0.98	52
1	8	79	36	1.73	2065	2095	  219392	0	       5	     125	  128987	  100332	0.00	0.01	38.03	60.69	97.29
1	9	32	37	1.78	2073	2095	  219264	0	       7	     142	  130583	   98595	0.00	0.01	38.85	59.82	97.09	1.12	53
1	9	80	35	1.71	2066	2095	  219329	0	       5	     124	  128615	  100500	0.00	0.01	37.78	60.94	97.17
1	10	33	36	1.75	2077	2095	  219366	0	       4	     312	  128364	  100261	0.00	0.02	37.65	61.04	97.26	0.99	53
1	10	81	42	1.97	2162	2095	  219572	0	       3	     145	  131822	   97569	0.00	0.01	39.41	59.02	97.04
1	11	34	36	1.74	2081	2095	  219464	0	       3	     116	  126713	  102408	0.00	0.02	36.57	62.15	97.15	1.11	52
1	11	82	39	1.83	2114	2095	  219790	0	   12769	    2962	  130750	   97955	0.03	0.03	39.16	59.42	97.06
1	12	35	35	1.72	2063	2095	  219506	0	       4	     300	  128120	  100826	0.00	0.02	37.51	61.23	97.26	1.01	53
1	12	83	37	1.79	2083	2095	  220116	0	    1707	     472	  130763	   98504	0.00	0.01	38.88	59.77	97.20
1	13	36	37	1.78	2083	2095	  219163	0	       9	     118	  125886	  103098	0.00	0.02	36.06	62.63	97.19	1.02	54
1	13	84	41	1.92	2131	2095	  219574	0	       7	     152	  129061	  100306	0.00	0.01	37.81	60.71	97.06
1	16	37	36	1.74	2067	2095	  219114	0	       4	     109	  126463	  102244	0.00	0.01	36.45	62.25	97.21	1.05	53
1	16	85	35	1.71	2062	2095	  219602	0	       9	     320	  131572	   98453	0.00	0.02	39.08	59.61	97.24
1	17	38	36	1.74	2068	2095	  219105	0	       5	     107	  126216	  102692	0.00	0.01	36.27	62.45	96.94	1.32	53
1	17	86	34	1.65	2040	2095	  219225	0	       4	     129	  127390	  101749	0.00	0.01	36.98	61.77	97.03
1	18	39	37	1.78	2085	2095	  219152	0	       5	     116	  125304	  103270	0.00	0.02	35.74	62.96	96.77	1.46	52
1	18	87	38	1.89	2018	2095	  219122	0	       6	     152	  127547	  101134	0.00	0.02	36.95	61.59	96.66
1	19	40	37	1.78	2078	2095	  219268	0	       2	     312	  125930	  103171	0.00	0.02	35.92	62.76	97.05	1.17	53
1	19	88	36	1.74	2062	2095	  219239	0	       6	     118	  125172	  104068	0.00	0.01	35.45	63.25	97.10
1	20	41	47	2.08	2266	2095	  219715	0	       2	     308	  127528	  101492	0.00	0.02	36.98	61.40	97.49	0.44	54
1	20	89	66	2.70	2465	2095	  220032	0	       0	     165	  125964	  101378	0.00	0.01	36.55	61.16	96.86
1	21	42	38	1.81	2082	2095	  219273	0	       6	     308	  126693	  102550	0.00	0.02	36.43	62.25	97.01	1.18	51
1	21	90	35	1.71	2041	2095	  219120	0	      13	     160	  128464	  101369	0.00	0.02	37.26	61.48	97.10
1	25	43	35	1.71	2047	2095	  219290	0	       0	     213	  128197	  101036	0.00	0.02	37.36	61.37	97.16	1.13	51
1	25	91	37	1.77	2092	2095	  219293	0	       4	     307	  127803	  101278	0.00	0.02	37.13	61.51	97.10
1	26	44	39	1.88	2088	2095	  219390	0	      71	     563	  129469	  100031	0.00	0.03	37.63	60.95	96.95	1.17	53
1	26	92	37	1.77	2076	2095	  219230	0	       3	     142	  127436	  101408	0.00	0.01	36.93	61.76	97.06
1	27	45	45	2.08	2170	2095	  219536	0	      98	     372	  129719	   98450	0.00	0.01	38.38	59.99	96.84	1.08	52
1	27	93	37	1.77	2085	2095	  219255	0	       2	     114	  127572	  100778	0.00	0.01	37.12	61.55	97.15
1	28	46	41	1.94	2133	2095	  219661	0	       7	     146	  128924	  100339	0.00	0.01	37.67	60.85	96.79	1.27	52
1	28	94	50	2.24	2221	2095	  219571	0	       8	     112	  124969	  103181	0.00	0.01	35.49	62.71	96.48
1	29	47	50	2.24	2220	2095	  222730	0	      15	     131	  125900	  102494	0.00	0.02	35.96	62.25	96.87	0.89	53
1	29	95	1456	52.59	2775	2095	  228528	0	       5	     276	   64698	   50622	0.00	0.02	19.09	28.62	46.52
